Average: 0.25531649351119995
0.2426002025604248
0.2400648593902588
0.2434380054473877
0.24412322044372559
0.2436542510986328
0.24544811248779297
0.25112199783325195
0.2433919906616211
0.24699902534484863
0.2462019920349121
0.24975895881652832
0.24686574935913086
0.24545907974243164
0.2545318603515625
0.24715280532836914
0.25139784812927246
0.24546122550964355
0.24837279319763184
0.25124096870422363
0.2535099983215332
0.2490098476409912
0.25026798248291016
0.2547307014465332
0.25107884407043457
0.25438904762268066
0.25008583068847656
0.2485218048095703
0.250154972076416
0.25049591064453125
0.2531728744506836
0.24834990501403809
0.25232815742492676
0.2534010410308838
0.24517416954040527
0.2533092498779297
0.25030088424682617
0.25330305099487305
0.25255298614501953
0.2565038204193115
0.2586078643798828
0.2508578300476074
0.25450611114501953
0.25429224967956543
0.25510287284851074
0.25052595138549805
0.2514820098876953
0.24683499336242676
0.255875825881958
0.26056909561157227
0.25064516067504883
0.25565266609191895
0.2572641372680664
0.26235532760620117
0.2564527988433838
0.25983405113220215
0.25533103942871094
0.25733208656311035
0.2581779956817627
0.259397029876709
0.2618598937988281
0.25816917419433594
0.26872873306274414
0.26113390922546387
0.2559528350830078
0.25696396827697754
0.2592158317565918
0.2530241012573242
0.25843214988708496
0.25817394256591797
0.2588789463043213
0.26029300689697266
0.2608780860900879
0.2625899314880371
0.2608623504638672
0.2582249641418457
0.26480722427368164
0.2559370994567871
0.2608051300048828
0.26110315322875977
0.2605609893798828
0.25354599952697754
0.26155996322631836
0.2565741539001465
0.2535538673400879
0.2664337158203125
0.26462531089782715
0.2543649673461914
0.26549506187438965
0.26505303382873535
0.26588892936706543
0.2659449577331543
0.26441216468811035
0.2692852020263672
0.26365017890930176
0.26125121116638184
0.26297616958618164
0.26506781578063965
0.2608959674835205
0.26200079917907715
0.26345133781433105
