Average: 0.2568408155441284
0.24712777137756348
0.24691200256347656
0.24475479125976562
0.2441120147705078
0.24722528457641602
0.2461240291595459
0.24619483947753906
0.24767613410949707
0.24879002571105957
0.25002098083496094
0.25345897674560547
0.25334882736206055
0.2510080337524414
0.2534971237182617
0.25532007217407227
0.25045228004455566
0.24823498725891113
0.2505478858947754
0.2485668659210205
0.24985003471374512
0.24707579612731934
0.24934792518615723
0.2498030662536621
0.2562255859375
0.24966812133789062
0.24629783630371094
0.2536280155181885
0.253079891204834
0.2512691020965576
0.25168299674987793
0.24957704544067383
0.2523810863494873
0.25402188301086426
0.2533869743347168
0.2597842216491699
0.25557804107666016
0.25560808181762695
0.25632429122924805
0.25225186347961426
0.25939297676086426
0.25636792182922363
0.2559518814086914
0.24597978591918945
0.2528409957885742
0.2603321075439453
0.25661802291870117
0.25675082206726074
0.26043200492858887
0.25727200508117676
0.25777721405029297
0.2573561668395996
0.25655508041381836
0.2593538761138916
0.25100111961364746
0.2613189220428467
0.2579648494720459
0.2580571174621582
0.26133012771606445
0.25804996490478516
0.2590181827545166
0.2597999572753906
0.2556438446044922
0.25998401641845703
0.2561681270599365
0.2592020034790039
0.261458158493042
0.2609720230102539
0.2636897563934326
0.26362085342407227
0.25504326820373535
0.26106810569763184
0.2626047134399414
0.2625398635864258
0.2636568546295166
0.26160407066345215
0.26314592361450195
0.26355481147766113
0.264636754989624
0.2690999507904053
0.26761698722839355
0.2650790214538574
0.26418304443359375
0.26364588737487793
0.266024112701416
0.2611870765686035
0.25782179832458496
0.2565481662750244
0.2594020366668701
0.2647848129272461
0.26705098152160645
0.265657901763916
0.2648460865020752
0.265408992767334
0.2643120288848877
0.25785183906555176
0.2583460807800293
0.2628507614135742
0.2648658752441406
0.2708899974822998
0.2682790756225586
